0  3
0.1  2.25
0.2  1.6875
0.3  1.26563
0.4  0.949219
0.5  0.711914
0.6  0.533936
0.7  0.400452
0.8  0.300339
0.9  0.225254
1  0.168941
1.1  0.126705
1.2  0.0950291
1.3  0.0712718
1.4  0.0534538
1.5  0.0400904
1.6  0.0300678
1.7  0.0225508
1.8  0.0169131
1.9  0.0126848
2  0.00951364
2.1  0.00713523
2.2  0.00535142
2.3  0.00401357
2.4  0.00301017
2.5  0.00225763
2.6  0.00169322
2.7  0.00126992
2.8  0.000952438
2.9  0.000714328
3  0.000535746
3.1  0.00040181
3.2  0.000301357
3.3  0.000226018
3.4  0.000169513
3.5  0.000127135
3.6  9.53513e-005
3.7  7.15135e-005
3.8  5.36351e-005
3.9  4.02263e-005
4  3.01698e-005
4.1  2.26273e-005
4.2  1.69705e-005
4.3  1.27279e-005
4.4  9.5459e-006
4.5  7.15942e-006
4.6  5.36957e-006
4.7  4.02718e-006
4.8  3.02038e-006
4.9  2.26529e-006
5  1.69896e-006
5.1  1.27422e-006
5.2  9.55668e-007
5.3  7.16751e-007
5.4  5.37563e-007
5.5  4.03172e-007
5.6  3.02379e-007
5.7  2.26784e-007
5.8  1.70088e-007
5.9  1.27566e-007
6  9.56747e-008
6.1  7.1756e-008
6.2  5.3817e-008
6.3  4.03628e-008
6.4  3.02721e-008
6.5  2.27041e-008
6.6  1.7028e-008
6.7  1.2771e-008
6.8  9.57827e-009
6.9  7.1837e-009
7  5.38778e-009
7.1  4.04083e-009
7.2  3.03063e-009
7.3  2.27297e-009
7.4  1.70473e-009
7.5  1.27854e-009
7.6  9.58909e-010
7.7  7.19182e-010
7.8  5.39386e-010
7.9  4.0454e-010
8  3.03405e-010
8.1  2.27554e-010
8.2  1.70665e-010
8.3  1.27999e-010
8.4  9.59991e-011
8.5  7.19994e-011
8.6  5.39995e-011
8.7  4.04996e-011
8.8  3.03747e-011
8.9  2.2781e-011
9  1.70858e-011
9.1  1.28143e-011
9.2  9.61075e-012
9.3  7.20807e-012
9.4  5.40605e-012
9.5  4.05454e-012
9.6  3.0409e-012
9.7  2.28068e-012
9.8  1.71051e-012
9.9  1.28288e-012
10  9.62161e-013
